param n:= 66; 
param m:= 4; 
param t_max:= 30.0; 
param: utility:= 
0 0
1 35
2 35
3 35
4 35
5 35
6 35
7 35
8 35
9 35
10 25
11 25
12 25
13 25
14 25
15 25
16 35
17 35
18 25
19 15
20 15
21 15
22 15
23 25
24 35
25 35
26 25
27 15
28 5
29 5
30 15
31 25
32 35
33 35
34 25
35 15
36 5
37 5
38 15
39 25
40 35
41 35
42 25
43 15
44 15
45 15
46 15
47 25
48 35
49 35
50 25
51 25
52 25
53 25
54 25
55 25
56 35
57 35
58 35
59 35
60 35
61 35
62 35
63 35
64 35
65 0
; 
param time: 0 1 2 3 4 5 6 7 8 9 10 11 12 13 14 15 16 17 18 19 20 21 22 23 24 25 26 27 28 29 30 31 32 33 34 35 36 37 38 39 40 41 42 43 44 45 46 47 48 49 50 51 52 53 54 55 56 57 58 59 60 61 62 63 64 65 := 
0  0.0 9.55 8.2 7.16 6.58 6.58 7.16 8.2 9.55 8.32 6.73 5.41 4.61 4.61 5.41 6.73 8.32 7.43 5.59 3.91 2.69 2.69 3.91 5.59 7.43 7.02 5.02 3.04 1.12 1.12 3.04 5.02 7.02 7.16 5.22 3.35 1.8 1.8 3.35 5.22 7.16 7.83 6.1 4.61 3.64 3.64 4.61 6.1 7.83 8.9 7.43 6.26 5.59 5.59 6.26 7.43 8.9 10.26 9.01 8.08 7.57 7.57 8.08 9.01 10.26 1.0 
1  9.55 0.0 2.0 4.0 6.0 8.0 10.0 12.0 14.0 2.0 2.83 4.47 6.32 8.25 10.2 12.17 14.14 4.0 4.47 5.66 7.21 8.94 10.77 12.65 14.56 6.0 6.32 7.21 8.49 10.0 11.66 13.42 15.23 8.0 8.25 8.94 10.0 11.31 12.81 14.42 16.12 10.0 10.2 10.77 11.66 12.81 14.14 15.62 17.2 12.0 12.17 12.65 13.42 14.42 15.62 16.97 18.44 14.0 14.14 14.56 15.23 16.12 17.2 18.44 19.8 10.26 
2  8.2 2.0 0.0 2.0 4.0 6.0 8.0 10.0 12.0 2.83 2.0 2.83 4.47 6.32 8.25 10.2 12.17 4.47 4.0 4.47 5.66 7.21 8.94 10.77 12.65 6.32 6.0 6.32 7.21 8.49 10.0 11.66 13.42 8.25 8.0 8.25 8.94 10.0 11.31 12.81 14.42 10.2 10.0 10.2 10.77 11.66 12.81 14.14 15.62 12.17 12.0 12.17 12.65 13.42 14.42 15.62 16.97 14.14 14.0 14.14 14.56 15.23 16.12 17.2 18.44 9.01 
3  7.16 4.0 2.0 0.0 2.0 4.0 6.0 8.0 10.0 4.47 2.83 2.0 2.83 4.47 6.32 8.25 10.2 5.66 4.47 4.0 4.47 5.66 7.21 8.94 10.77 7.21 6.32 6.0 6.32 7.21 8.49 10.0 11.66 8.94 8.25 8.0 8.25 8.94 10.0 11.31 12.81 10.77 10.2 10.0 10.2 10.77 11.66 12.81 14.14 12.65 12.17 12.0 12.17 12.65 13.42 14.42 15.62 14.56 14.14 14.0 14.14 14.56 15.23 16.12 17.2 8.08 
4  6.58 6.0 4.0 2.0 0.0 2.0 4.0 6.0 8.0 6.32 4.47 2.83 2.0 2.83 4.47 6.32 8.25 7.21 5.66 4.47 4.0 4.47 5.66 7.21 8.94 8.49 7.21 6.32 6.0 6.32 7.21 8.49 10.0 10.0 8.94 8.25 8.0 8.25 8.94 10.0 11.31 11.66 10.77 10.2 10.0 10.2 10.77 11.66 12.81 13.42 12.65 12.17 12.0 12.17 12.65 13.42 14.42 15.23 14.56 14.14 14.0 14.14 14.56 15.23 16.12 7.57 
5  6.58 8.0 6.0 4.0 2.0 0.0 2.0 4.0 6.0 8.25 6.32 4.47 2.83 2.0 2.83 4.47 6.32 8.94 7.21 5.66 4.47 4.0 4.47 5.66 7.21 10.0 8.49 7.21 6.32 6.0 6.32 7.21 8.49 11.31 10.0 8.94 8.25 8.0 8.25 8.94 10.0 12.81 11.66 10.77 10.2 10.0 10.2 10.77 11.66 14.42 13.42 12.65 12.17 12.0 12.17 12.65 13.42 16.12 15.23 14.56 14.14 14.0 14.14 14.56 15.23 7.57 
6  7.16 10.0 8.0 6.0 4.0 2.0 0.0 2.0 4.0 10.2 8.25 6.32 4.47 2.83 2.0 2.83 4.47 10.77 8.94 7.21 5.66 4.47 4.0 4.47 5.66 11.66 10.0 8.49 7.21 6.32 6.0 6.32 7.21 12.81 11.31 10.0 8.94 8.25 8.0 8.25 8.94 14.14 12.81 11.66 10.77 10.2 10.0 10.2 10.77 15.62 14.42 13.42 12.65 12.17 12.0 12.17 12.65 17.2 16.12 15.23 14.56 14.14 14.0 14.14 14.56 8.08 
7  8.2 12.0 10.0 8.0 6.0 4.0 2.0 0.0 2.0 12.17 10.2 8.25 6.32 4.47 2.83 2.0 2.83 12.65 10.77 8.94 7.21 5.66 4.47 4.0 4.47 13.42 11.66 10.0 8.49 7.21 6.32 6.0 6.32 14.42 12.81 11.31 10.0 8.94 8.25 8.0 8.25 15.62 14.14 12.81 11.66 10.77 10.2 10.0 10.2 16.97 15.62 14.42 13.42 12.65 12.17 12.0 12.17 18.44 17.2 16.12 15.23 14.56 14.14 14.0 14.14 9.01 
8  9.55 14.0 12.0 10.0 8.0 6.0 4.0 2.0 0.0 14.14 12.17 10.2 8.25 6.32 4.47 2.83 2.0 14.56 12.65 10.77 8.94 7.21 5.66 4.47 4.0 15.23 13.42 11.66 10.0 8.49 7.21 6.32 6.0 16.12 14.42 12.81 11.31 10.0 8.94 8.25 8.0 17.2 15.62 14.14 12.81 11.66 10.77 10.2 10.0 18.44 16.97 15.62 14.42 13.42 12.65 12.17 12.0 19.8 18.44 17.2 16.12 15.23 14.56 14.14 14.0 10.26 
9  8.32 2.0 2.83 4.47 6.32 8.25 10.2 12.17 14.14 0.0 2.0 4.0 6.0 8.0 10.0 12.0 14.0 2.0 2.83 4.47 6.32 8.25 10.2 12.17 14.14 4.0 4.47 5.66 7.21 8.94 10.77 12.65 14.56 6.0 6.32 7.21 8.49 10.0 11.66 13.42 15.23 8.0 8.25 8.94 10.0 11.31 12.81 14.42 16.12 10.0 10.2 10.77 11.66 12.81 14.14 15.62 17.2 12.0 12.17 12.65 13.42 14.42 15.62 16.97 18.44 8.9 
10  6.73 2.83 2.0 2.83 4.47 6.32 8.25 10.2 12.17 2.0 0.0 2.0 4.0 6.0 8.0 10.0 12.0 2.83 2.0 2.83 4.47 6.32 8.25 10.2 12.17 4.47 4.0 4.47 5.66 7.21 8.94 10.77 12.65 6.32 6.0 6.32 7.21 8.49 10.0 11.66 13.42 8.25 8.0 8.25 8.94 10.0 11.31 12.81 14.42 10.2 10.0 10.2 10.77 11.66 12.81 14.14 15.62 12.17 12.0 12.17 12.65 13.42 14.42 15.62 16.97 7.43 
11  5.41 4.47 2.83 2.0 2.83 4.47 6.32 8.25 10.2 4.0 2.0 0.0 2.0 4.0 6.0 8.0 10.0 4.47 2.83 2.0 2.83 4.47 6.32 8.25 10.2 5.66 4.47 4.0 4.47 5.66 7.21 8.94 10.77 7.21 6.32 6.0 6.32 7.21 8.49 10.0 11.66 8.94 8.25 8.0 8.25 8.94 10.0 11.31 12.81 10.77 10.2 10.0 10.2 10.77 11.66 12.81 14.14 12.65 12.17 12.0 12.17 12.65 13.42 14.42 15.62 6.26 
12  4.61 6.32 4.47 2.83 2.0 2.83 4.47 6.32 8.25 6.0 4.0 2.0 0.0 2.0 4.0 6.0 8.0 6.32 4.47 2.83 2.0 2.83 4.47 6.32 8.25 7.21 5.66 4.47 4.0 4.47 5.66 7.21 8.94 8.49 7.21 6.32 6.0 6.32 7.21 8.49 10.0 10.0 8.94 8.25 8.0 8.25 8.94 10.0 11.31 11.66 10.77 10.2 10.0 10.2 10.77 11.66 12.81 13.42 12.65 12.17 12.0 12.17 12.65 13.42 14.42 5.59 
13  4.61 8.25 6.32 4.47 2.83 2.0 2.83 4.47 6.32 8.0 6.0 4.0 2.0 0.0 2.0 4.0 6.0 8.25 6.32 4.47 2.83 2.0 2.83 4.47 6.32 8.94 7.21 5.66 4.47 4.0 4.47 5.66 7.21 10.0 8.49 7.21 6.32 6.0 6.32 7.21 8.49 11.31 10.0 8.94 8.25 8.0 8.25 8.94 10.0 12.81 11.66 10.77 10.2 10.0 10.2 10.77 11.66 14.42 13.42 12.65 12.17 12.0 12.17 12.65 13.42 5.59 
14  5.41 10.2 8.25 6.32 4.47 2.83 2.0 2.83 4.47 10.0 8.0 6.0 4.0 2.0 0.0 2.0 4.0 10.2 8.25 6.32 4.47 2.83 2.0 2.83 4.47 10.77 8.94 7.21 5.66 4.47 4.0 4.47 5.66 11.66 10.0 8.49 7.21 6.32 6.0 6.32 7.21 12.81 11.31 10.0 8.94 8.25 8.0 8.25 8.94 14.14 12.81 11.66 10.77 10.2 10.0 10.2 10.77 15.62 14.42 13.42 12.65 12.17 12.0 12.17 12.65 6.26 
15  6.73 12.17 10.2 8.25 6.32 4.47 2.83 2.0 2.83 12.0 10.0 8.0 6.0 4.0 2.0 0.0 2.0 12.17 10.2 8.25 6.32 4.47 2.83 2.0 2.83 12.65 10.77 8.94 7.21 5.66 4.47 4.0 4.47 13.42 11.66 10.0 8.49 7.21 6.32 6.0 6.32 14.42 12.81 11.31 10.0 8.94 8.25 8.0 8.25 15.62 14.14 12.81 11.66 10.77 10.2 10.0 10.2 16.97 15.62 14.42 13.42 12.65 12.17 12.0 12.17 7.43 
16  8.32 14.14 12.17 10.2 8.25 6.32 4.47 2.83 2.0 14.0 12.0 10.0 8.0 6.0 4.0 2.0 0.0 14.14 12.17 10.2 8.25 6.32 4.47 2.83 2.0 14.56 12.65 10.77 8.94 7.21 5.66 4.47 4.0 15.23 13.42 11.66 10.0 8.49 7.21 6.32 6.0 16.12 14.42 12.81 11.31 10.0 8.94 8.25 8.0 17.2 15.62 14.14 12.81 11.66 10.77 10.2 10.0 18.44 16.97 15.62 14.42 13.42 12.65 12.17 12.0 8.9 
17  7.43 4.0 4.47 5.66 7.21 8.94 10.77 12.65 14.56 2.0 2.83 4.47 6.32 8.25 10.2 12.17 14.14 0.0 2.0 4.0 6.0 8.0 10.0 12.0 14.0 2.0 2.83 4.47 6.32 8.25 10.2 12.17 14.14 4.0 4.47 5.66 7.21 8.94 10.77 12.65 14.56 6.0 6.32 7.21 8.49 10.0 11.66 13.42 15.23 8.0 8.25 8.94 10.0 11.31 12.81 14.42 16.12 10.0 10.2 10.77 11.66 12.81 14.14 15.62 17.2 7.83 
18  5.59 4.47 4.0 4.47 5.66 7.21 8.94 10.77 12.65 2.83 2.0 2.83 4.47 6.32 8.25 10.2 12.17 2.0 0.0 2.0 4.0 6.0 8.0 10.0 12.0 2.83 2.0 2.83 4.47 6.32 8.25 10.2 12.17 4.47 4.0 4.47 5.66 7.21 8.94 10.77 12.65 6.32 6.0 6.32 7.21 8.49 10.0 11.66 13.42 8.25 8.0 8.25 8.94 10.0 11.31 12.81 14.42 10.2 10.0 10.2 10.77 11.66 12.81 14.14 15.62 6.1 
19  3.91 5.66 4.47 4.0 4.47 5.66 7.21 8.94 10.77 4.47 2.83 2.0 2.83 4.47 6.32 8.25 10.2 4.0 2.0 0.0 2.0 4.0 6.0 8.0 10.0 4.47 2.83 2.0 2.83 4.47 6.32 8.25 10.2 5.66 4.47 4.0 4.47 5.66 7.21 8.94 10.77 7.21 6.32 6.0 6.32 7.21 8.49 10.0 11.66 8.94 8.25 8.0 8.25 8.94 10.0 11.31 12.81 10.77 10.2 10.0 10.2 10.77 11.66 12.81 14.14 4.61 
20  2.69 7.21 5.66 4.47 4.0 4.47 5.66 7.21 8.94 6.32 4.47 2.83 2.0 2.83 4.47 6.32 8.25 6.0 4.0 2.0 0.0 2.0 4.0 6.0 8.0 6.32 4.47 2.83 2.0 2.83 4.47 6.32 8.25 7.21 5.66 4.47 4.0 4.47 5.66 7.21 8.94 8.49 7.21 6.32 6.0 6.32 7.21 8.49 10.0 10.0 8.94 8.25 8.0 8.25 8.94 10.0 11.31 11.66 10.77 10.2 10.0 10.2 10.77 11.66 12.81 3.64 
21  2.69 8.94 7.21 5.66 4.47 4.0 4.47 5.66 7.21 8.25 6.32 4.47 2.83 2.0 2.83 4.47 6.32 8.0 6.0 4.0 2.0 0.0 2.0 4.0 6.0 8.25 6.32 4.47 2.83 2.0 2.83 4.47 6.32 8.94 7.21 5.66 4.47 4.0 4.47 5.66 7.21 10.0 8.49 7.21 6.32 6.0 6.32 7.21 8.49 11.31 10.0 8.94 8.25 8.0 8.25 8.94 10.0 12.81 11.66 10.77 10.2 10.0 10.2 10.77 11.66 3.64 
22  3.91 10.77 8.94 7.21 5.66 4.47 4.0 4.47 5.66 10.2 8.25 6.32 4.47 2.83 2.0 2.83 4.47 10.0 8.0 6.0 4.0 2.0 0.0 2.0 4.0 10.2 8.25 6.32 4.47 2.83 2.0 2.83 4.47 10.77 8.94 7.21 5.66 4.47 4.0 4.47 5.66 11.66 10.0 8.49 7.21 6.32 6.0 6.32 7.21 12.81 11.31 10.0 8.94 8.25 8.0 8.25 8.94 14.14 12.81 11.66 10.77 10.2 10.0 10.2 10.77 4.61 
23  5.59 12.65 10.77 8.94 7.21 5.66 4.47 4.0 4.47 12.17 10.2 8.25 6.32 4.47 2.83 2.0 2.83 12.0 10.0 8.0 6.0 4.0 2.0 0.0 2.0 12.17 10.2 8.25 6.32 4.47 2.83 2.0 2.83 12.65 10.77 8.94 7.21 5.66 4.47 4.0 4.47 13.42 11.66 10.0 8.49 7.21 6.32 6.0 6.32 14.42 12.81 11.31 10.0 8.94 8.25 8.0 8.25 15.62 14.14 12.81 11.66 10.77 10.2 10.0 10.2 6.1 
24  7.43 14.56 12.65 10.77 8.94 7.21 5.66 4.47 4.0 14.14 12.17 10.2 8.25 6.32 4.47 2.83 2.0 14.0 12.0 10.0 8.0 6.0 4.0 2.0 0.0 14.14 12.17 10.2 8.25 6.32 4.47 2.83 2.0 14.56 12.65 10.77 8.94 7.21 5.66 4.47 4.0 15.23 13.42 11.66 10.0 8.49 7.21 6.32 6.0 16.12 14.42 12.81 11.31 10.0 8.94 8.25 8.0 17.2 15.62 14.14 12.81 11.66 10.77 10.2 10.0 7.83 
25  7.02 6.0 6.32 7.21 8.49 10.0 11.66 13.42 15.23 4.0 4.47 5.66 7.21 8.94 10.77 12.65 14.56 2.0 2.83 4.47 6.32 8.25 10.2 12.17 14.14 0.0 2.0 4.0 6.0 8.0 10.0 12.0 14.0 2.0 2.83 4.47 6.32 8.25 10.2 12.17 14.14 4.0 4.47 5.66 7.21 8.94 10.77 12.65 14.56 6.0 6.32 7.21 8.49 10.0 11.66 13.42 15.23 8.0 8.25 8.94 10.0 11.31 12.81 14.42 16.12 7.16 
26  5.02 6.32 6.0 6.32 7.21 8.49 10.0 11.66 13.42 4.47 4.0 4.47 5.66 7.21 8.94 10.77 12.65 2.83 2.0 2.83 4.47 6.32 8.25 10.2 12.17 2.0 0.0 2.0 4.0 6.0 8.0 10.0 12.0 2.83 2.0 2.83 4.47 6.32 8.25 10.2 12.17 4.47 4.0 4.47 5.66 7.21 8.94 10.77 12.65 6.32 6.0 6.32 7.21 8.49 10.0 11.66 13.42 8.25 8.0 8.25 8.94 10.0 11.31 12.81 14.42 5.22 
27  3.04 7.21 6.32 6.0 6.32 7.21 8.49 10.0 11.66 5.66 4.47 4.0 4.47 5.66 7.21 8.94 10.77 4.47 2.83 2.0 2.83 4.47 6.32 8.25 10.2 4.0 2.0 0.0 2.0 4.0 6.0 8.0 10.0 4.47 2.83 2.0 2.83 4.47 6.32 8.25 10.2 5.66 4.47 4.0 4.47 5.66 7.21 8.94 10.77 7.21 6.32 6.0 6.32 7.21 8.49 10.0 11.66 8.94 8.25 8.0 8.25 8.94 10.0 11.31 12.81 3.35 
28  1.12 8.49 7.21 6.32 6.0 6.32 7.21 8.49 10.0 7.21 5.66 4.47 4.0 4.47 5.66 7.21 8.94 6.32 4.47 2.83 2.0 2.83 4.47 6.32 8.25 6.0 4.0 2.0 0.0 2.0 4.0 6.0 8.0 6.32 4.47 2.83 2.0 2.83 4.47 6.32 8.25 7.21 5.66 4.47 4.0 4.47 5.66 7.21 8.94 8.49 7.21 6.32 6.0 6.32 7.21 8.49 10.0 10.0 8.94 8.25 8.0 8.25 8.94 10.0 11.31 1.8 
29  1.12 10.0 8.49 7.21 6.32 6.0 6.32 7.21 8.49 8.94 7.21 5.66 4.47 4.0 4.47 5.66 7.21 8.25 6.32 4.47 2.83 2.0 2.83 4.47 6.32 8.0 6.0 4.0 2.0 0.0 2.0 4.0 6.0 8.25 6.32 4.47 2.83 2.0 2.83 4.47 6.32 8.94 7.21 5.66 4.47 4.0 4.47 5.66 7.21 10.0 8.49 7.21 6.32 6.0 6.32 7.21 8.49 11.31 10.0 8.94 8.25 8.0 8.25 8.94 10.0 1.8 
30  3.04 11.66 10.0 8.49 7.21 6.32 6.0 6.32 7.21 10.77 8.94 7.21 5.66 4.47 4.0 4.47 5.66 10.2 8.25 6.32 4.47 2.83 2.0 2.83 4.47 10.0 8.0 6.0 4.0 2.0 0.0 2.0 4.0 10.2 8.25 6.32 4.47 2.83 2.0 2.83 4.47 10.77 8.94 7.21 5.66 4.47 4.0 4.47 5.66 11.66 10.0 8.49 7.21 6.32 6.0 6.32 7.21 12.81 11.31 10.0 8.94 8.25 8.0 8.25 8.94 3.35 
31  5.02 13.42 11.66 10.0 8.49 7.21 6.32 6.0 6.32 12.65 10.77 8.94 7.21 5.66 4.47 4.0 4.47 12.17 10.2 8.25 6.32 4.47 2.83 2.0 2.83 12.0 10.0 8.0 6.0 4.0 2.0 0.0 2.0 12.17 10.2 8.25 6.32 4.47 2.83 2.0 2.83 12.65 10.77 8.94 7.21 5.66 4.47 4.0 4.47 13.42 11.66 10.0 8.49 7.21 6.32 6.0 6.32 14.42 12.81 11.31 10.0 8.94 8.25 8.0 8.25 5.22 
32  7.02 15.23 13.42 11.66 10.0 8.49 7.21 6.32 6.0 14.56 12.65 10.77 8.94 7.21 5.66 4.47 4.0 14.14 12.17 10.2 8.25 6.32 4.47 2.83 2.0 14.0 12.0 10.0 8.0 6.0 4.0 2.0 0.0 14.14 12.17 10.2 8.25 6.32 4.47 2.83 2.0 14.56 12.65 10.77 8.94 7.21 5.66 4.47 4.0 15.23 13.42 11.66 10.0 8.49 7.21 6.32 6.0 16.12 14.42 12.81 11.31 10.0 8.94 8.25 8.0 7.16 
33  7.16 8.0 8.25 8.94 10.0 11.31 12.81 14.42 16.12 6.0 6.32 7.21 8.49 10.0 11.66 13.42 15.23 4.0 4.47 5.66 7.21 8.94 10.77 12.65 14.56 2.0 2.83 4.47 6.32 8.25 10.2 12.17 14.14 0.0 2.0 4.0 6.0 8.0 10.0 12.0 14.0 2.0 2.83 4.47 6.32 8.25 10.2 12.17 14.14 4.0 4.47 5.66 7.21 8.94 10.77 12.65 14.56 6.0 6.32 7.21 8.49 10.0 11.66 13.42 15.23 7.02 
34  5.22 8.25 8.0 8.25 8.94 10.0 11.31 12.81 14.42 6.32 6.0 6.32 7.21 8.49 10.0 11.66 13.42 4.47 4.0 4.47 5.66 7.21 8.94 10.77 12.65 2.83 2.0 2.83 4.47 6.32 8.25 10.2 12.17 2.0 0.0 2.0 4.0 6.0 8.0 10.0 12.0 2.83 2.0 2.83 4.47 6.32 8.25 10.2 12.17 4.47 4.0 4.47 5.66 7.21 8.94 10.77 12.65 6.32 6.0 6.32 7.21 8.49 10.0 11.66 13.42 5.02 
35  3.35 8.94 8.25 8.0 8.25 8.94 10.0 11.31 12.81 7.21 6.32 6.0 6.32 7.21 8.49 10.0 11.66 5.66 4.47 4.0 4.47 5.66 7.21 8.94 10.77 4.47 2.83 2.0 2.83 4.47 6.32 8.25 10.2 4.0 2.0 0.0 2.0 4.0 6.0 8.0 10.0 4.47 2.83 2.0 2.83 4.47 6.32 8.25 10.2 5.66 4.47 4.0 4.47 5.66 7.21 8.94 10.77 7.21 6.32 6.0 6.32 7.21 8.49 10.0 11.66 3.04 
36  1.8 10.0 8.94 8.25 8.0 8.25 8.94 10.0 11.31 8.49 7.21 6.32 6.0 6.32 7.21 8.49 10.0 7.21 5.66 4.47 4.0 4.47 5.66 7.21 8.94 6.32 4.47 2.83 2.0 2.83 4.47 6.32 8.25 6.0 4.0 2.0 0.0 2.0 4.0 6.0 8.0 6.32 4.47 2.83 2.0 2.83 4.47 6.32 8.25 7.21 5.66 4.47 4.0 4.47 5.66 7.21 8.94 8.49 7.21 6.32 6.0 6.32 7.21 8.49 10.0 1.12 
37  1.8 11.31 10.0 8.94 8.25 8.0 8.25 8.94 10.0 10.0 8.49 7.21 6.32 6.0 6.32 7.21 8.49 8.94 7.21 5.66 4.47 4.0 4.47 5.66 7.21 8.25 6.32 4.47 2.83 2.0 2.83 4.47 6.32 8.0 6.0 4.0 2.0 0.0 2.0 4.0 6.0 8.25 6.32 4.47 2.83 2.0 2.83 4.47 6.32 8.94 7.21 5.66 4.47 4.0 4.47 5.66 7.21 10.0 8.49 7.21 6.32 6.0 6.32 7.21 8.49 1.12 
38  3.35 12.81 11.31 10.0 8.94 8.25 8.0 8.25 8.94 11.66 10.0 8.49 7.21 6.32 6.0 6.32 7.21 10.77 8.94 7.21 5.66 4.47 4.0 4.47 5.66 10.2 8.25 6.32 4.47 2.83 2.0 2.83 4.47 10.0 8.0 6.0 4.0 2.0 0.0 2.0 4.0 10.2 8.25 6.32 4.47 2.83 2.0 2.83 4.47 10.77 8.94 7.21 5.66 4.47 4.0 4.47 5.66 11.66 10.0 8.49 7.21 6.32 6.0 6.32 7.21 3.04 
39  5.22 14.42 12.81 11.31 10.0 8.94 8.25 8.0 8.25 13.42 11.66 10.0 8.49 7.21 6.32 6.0 6.32 12.65 10.77 8.94 7.21 5.66 4.47 4.0 4.47 12.17 10.2 8.25 6.32 4.47 2.83 2.0 2.83 12.0 10.0 8.0 6.0 4.0 2.0 0.0 2.0 12.17 10.2 8.25 6.32 4.47 2.83 2.0 2.83 12.65 10.77 8.94 7.21 5.66 4.47 4.0 4.47 13.42 11.66 10.0 8.49 7.21 6.32 6.0 6.32 5.02 
40  7.16 16.12 14.42 12.81 11.31 10.0 8.94 8.25 8.0 15.23 13.42 11.66 10.0 8.49 7.21 6.32 6.0 14.56 12.65 10.77 8.94 7.21 5.66 4.47 4.0 14.14 12.17 10.2 8.25 6.32 4.47 2.83 2.0 14.0 12.0 10.0 8.0 6.0 4.0 2.0 0.0 14.14 12.17 10.2 8.25 6.32 4.47 2.83 2.0 14.56 12.65 10.77 8.94 7.21 5.66 4.47 4.0 15.23 13.42 11.66 10.0 8.49 7.21 6.32 6.0 7.02 
41  7.83 10.0 10.2 10.77 11.66 12.81 14.14 15.62 17.2 8.0 8.25 8.94 10.0 11.31 12.81 14.42 16.12 6.0 6.32 7.21 8.49 10.0 11.66 13.42 15.23 4.0 4.47 5.66 7.21 8.94 10.77 12.65 14.56 2.0 2.83 4.47 6.32 8.25 10.2 12.17 14.14 0.0 2.0 4.0 6.0 8.0 10.0 12.0 14.0 2.0 2.83 4.47 6.32 8.25 10.2 12.17 14.14 4.0 4.47 5.66 7.21 8.94 10.77 12.65 14.56 7.43 
42  6.1 10.2 10.0 10.2 10.77 11.66 12.81 14.14 15.62 8.25 8.0 8.25 8.94 10.0 11.31 12.81 14.42 6.32 6.0 6.32 7.21 8.49 10.0 11.66 13.42 4.47 4.0 4.47 5.66 7.21 8.94 10.77 12.65 2.83 2.0 2.83 4.47 6.32 8.25 10.2 12.17 2.0 0.0 2.0 4.0 6.0 8.0 10.0 12.0 2.83 2.0 2.83 4.47 6.32 8.25 10.2 12.17 4.47 4.0 4.47 5.66 7.21 8.94 10.77 12.65 5.59 
43  4.61 10.77 10.2 10.0 10.2 10.77 11.66 12.81 14.14 8.94 8.25 8.0 8.25 8.94 10.0 11.31 12.81 7.21 6.32 6.0 6.32 7.21 8.49 10.0 11.66 5.66 4.47 4.0 4.47 5.66 7.21 8.94 10.77 4.47 2.83 2.0 2.83 4.47 6.32 8.25 10.2 4.0 2.0 0.0 2.0 4.0 6.0 8.0 10.0 4.47 2.83 2.0 2.83 4.47 6.32 8.25 10.2 5.66 4.47 4.0 4.47 5.66 7.21 8.94 10.77 3.91 
44  3.64 11.66 10.77 10.2 10.0 10.2 10.77 11.66 12.81 10.0 8.94 8.25 8.0 8.25 8.94 10.0 11.31 8.49 7.21 6.32 6.0 6.32 7.21 8.49 10.0 7.21 5.66 4.47 4.0 4.47 5.66 7.21 8.94 6.32 4.47 2.83 2.0 2.83 4.47 6.32 8.25 6.0 4.0 2.0 0.0 2.0 4.0 6.0 8.0 6.32 4.47 2.83 2.0 2.83 4.47 6.32 8.25 7.21 5.66 4.47 4.0 4.47 5.66 7.21 8.94 2.69 
45  3.64 12.81 11.66 10.77 10.2 10.0 10.2 10.77 11.66 11.31 10.0 8.94 8.25 8.0 8.25 8.94 10.0 10.0 8.49 7.21 6.32 6.0 6.32 7.21 8.49 8.94 7.21 5.66 4.47 4.0 4.47 5.66 7.21 8.25 6.32 4.47 2.83 2.0 2.83 4.47 6.32 8.0 6.0 4.0 2.0 0.0 2.0 4.0 6.0 8.25 6.32 4.47 2.83 2.0 2.83 4.47 6.32 8.94 7.21 5.66 4.47 4.0 4.47 5.66 7.21 2.69 
46  4.61 14.14 12.81 11.66 10.77 10.2 10.0 10.2 10.77 12.81 11.31 10.0 8.94 8.25 8.0 8.25 8.94 11.66 10.0 8.49 7.21 6.32 6.0 6.32 7.21 10.77 8.94 7.21 5.66 4.47 4.0 4.47 5.66 10.2 8.25 6.32 4.47 2.83 2.0 2.83 4.47 10.0 8.0 6.0 4.0 2.0 0.0 2.0 4.0 10.2 8.25 6.32 4.47 2.83 2.0 2.83 4.47 10.77 8.94 7.21 5.66 4.47 4.0 4.47 5.66 3.91 
47  6.1 15.62 14.14 12.81 11.66 10.77 10.2 10.0 10.2 14.42 12.81 11.31 10.0 8.94 8.25 8.0 8.25 13.42 11.66 10.0 8.49 7.21 6.32 6.0 6.32 12.65 10.77 8.94 7.21 5.66 4.47 4.0 4.47 12.17 10.2 8.25 6.32 4.47 2.83 2.0 2.83 12.0 10.0 8.0 6.0 4.0 2.0 0.0 2.0 12.17 10.2 8.25 6.32 4.47 2.83 2.0 2.83 12.65 10.77 8.94 7.21 5.66 4.47 4.0 4.47 5.59 
48  7.83 17.2 15.62 14.14 12.81 11.66 10.77 10.2 10.0 16.12 14.42 12.81 11.31 10.0 8.94 8.25 8.0 15.23 13.42 11.66 10.0 8.49 7.21 6.32 6.0 14.56 12.65 10.77 8.94 7.21 5.66 4.47 4.0 14.14 12.17 10.2 8.25 6.32 4.47 2.83 2.0 14.0 12.0 10.0 8.0 6.0 4.0 2.0 0.0 14.14 12.17 10.2 8.25 6.32 4.47 2.83 2.0 14.56 12.65 10.77 8.94 7.21 5.66 4.47 4.0 7.43 
49  8.9 12.0 12.17 12.65 13.42 14.42 15.62 16.97 18.44 10.0 10.2 10.77 11.66 12.81 14.14 15.62 17.2 8.0 8.25 8.94 10.0 11.31 12.81 14.42 16.12 6.0 6.32 7.21 8.49 10.0 11.66 13.42 15.23 4.0 4.47 5.66 7.21 8.94 10.77 12.65 14.56 2.0 2.83 4.47 6.32 8.25 10.2 12.17 14.14 0.0 2.0 4.0 6.0 8.0 10.0 12.0 14.0 2.0 2.83 4.47 6.32 8.25 10.2 12.17 14.14 8.32 
50  7.43 12.17 12.0 12.17 12.65 13.42 14.42 15.62 16.97 10.2 10.0 10.2 10.77 11.66 12.81 14.14 15.62 8.25 8.0 8.25 8.94 10.0 11.31 12.81 14.42 6.32 6.0 6.32 7.21 8.49 10.0 11.66 13.42 4.47 4.0 4.47 5.66 7.21 8.94 10.77 12.65 2.83 2.0 2.83 4.47 6.32 8.25 10.2 12.17 2.0 0.0 2.0 4.0 6.0 8.0 10.0 12.0 2.83 2.0 2.83 4.47 6.32 8.25 10.2 12.17 6.73 
51  6.26 12.65 12.17 12.0 12.17 12.65 13.42 14.42 15.62 10.77 10.2 10.0 10.2 10.77 11.66 12.81 14.14 8.94 8.25 8.0 8.25 8.94 10.0 11.31 12.81 7.21 6.32 6.0 6.32 7.21 8.49 10.0 11.66 5.66 4.47 4.0 4.47 5.66 7.21 8.94 10.77 4.47 2.83 2.0 2.83 4.47 6.32 8.25 10.2 4.0 2.0 0.0 2.0 4.0 6.0 8.0 10.0 4.47 2.83 2.0 2.83 4.47 6.32 8.25 10.2 5.41 
52  5.59 13.42 12.65 12.17 12.0 12.17 12.65 13.42 14.42 11.66 10.77 10.2 10.0 10.2 10.77 11.66 12.81 10.0 8.94 8.25 8.0 8.25 8.94 10.0 11.31 8.49 7.21 6.32 6.0 6.32 7.21 8.49 10.0 7.21 5.66 4.47 4.0 4.47 5.66 7.21 8.94 6.32 4.47 2.83 2.0 2.83 4.47 6.32 8.25 6.0 4.0 2.0 0.0 2.0 4.0 6.0 8.0 6.32 4.47 2.83 2.0 2.83 4.47 6.32 8.25 4.61 
53  5.59 14.42 13.42 12.65 12.17 12.0 12.17 12.65 13.42 12.81 11.66 10.77 10.2 10.0 10.2 10.77 11.66 11.31 10.0 8.94 8.25 8.0 8.25 8.94 10.0 10.0 8.49 7.21 6.32 6.0 6.32 7.21 8.49 8.94 7.21 5.66 4.47 4.0 4.47 5.66 7.21 8.25 6.32 4.47 2.83 2.0 2.83 4.47 6.32 8.0 6.0 4.0 2.0 0.0 2.0 4.0 6.0 8.25 6.32 4.47 2.83 2.0 2.83 4.47 6.32 4.61 
54  6.26 15.62 14.42 13.42 12.65 12.17 12.0 12.17 12.65 14.14 12.81 11.66 10.77 10.2 10.0 10.2 10.77 12.81 11.31 10.0 8.94 8.25 8.0 8.25 8.94 11.66 10.0 8.49 7.21 6.32 6.0 6.32 7.21 10.77 8.94 7.21 5.66 4.47 4.0 4.47 5.66 10.2 8.25 6.32 4.47 2.83 2.0 2.83 4.47 10.0 8.0 6.0 4.0 2.0 0.0 2.0 4.0 10.2 8.25 6.32 4.47 2.83 2.0 2.83 4.47 5.41 
55  7.43 16.97 15.62 14.42 13.42 12.65 12.17 12.0 12.17 15.62 14.14 12.81 11.66 10.77 10.2 10.0 10.2 14.42 12.81 11.31 10.0 8.94 8.25 8.0 8.25 13.42 11.66 10.0 8.49 7.21 6.32 6.0 6.32 12.65 10.77 8.94 7.21 5.66 4.47 4.0 4.47 12.17 10.2 8.25 6.32 4.47 2.83 2.0 2.83 12.0 10.0 8.0 6.0 4.0 2.0 0.0 2.0 12.17 10.2 8.25 6.32 4.47 2.83 2.0 2.83 6.73 
56  8.9 18.44 16.97 15.62 14.42 13.42 12.65 12.17 12.0 17.2 15.62 14.14 12.81 11.66 10.77 10.2 10.0 16.12 14.42 12.81 11.31 10.0 8.94 8.25 8.0 15.23 13.42 11.66 10.0 8.49 7.21 6.32 6.0 14.56 12.65 10.77 8.94 7.21 5.66 4.47 4.0 14.14 12.17 10.2 8.25 6.32 4.47 2.83 2.0 14.0 12.0 10.0 8.0 6.0 4.0 2.0 0.0 14.14 12.17 10.2 8.25 6.32 4.47 2.83 2.0 8.32 
57  10.26 14.0 14.14 14.56 15.23 16.12 17.2 18.44 19.8 12.0 12.17 12.65 13.42 14.42 15.62 16.97 18.44 10.0 10.2 10.77 11.66 12.81 14.14 15.62 17.2 8.0 8.25 8.94 10.0 11.31 12.81 14.42 16.12 6.0 6.32 7.21 8.49 10.0 11.66 13.42 15.23 4.0 4.47 5.66 7.21 8.94 10.77 12.65 14.56 2.0 2.83 4.47 6.32 8.25 10.2 12.17 14.14 0.0 2.0 4.0 6.0 8.0 10.0 12.0 14.0 9.55 
58  9.01 14.14 14.0 14.14 14.56 15.23 16.12 17.2 18.44 12.17 12.0 12.17 12.65 13.42 14.42 15.62 16.97 10.2 10.0 10.2 10.77 11.66 12.81 14.14 15.62 8.25 8.0 8.25 8.94 10.0 11.31 12.81 14.42 6.32 6.0 6.32 7.21 8.49 10.0 11.66 13.42 4.47 4.0 4.47 5.66 7.21 8.94 10.77 12.65 2.83 2.0 2.83 4.47 6.32 8.25 10.2 12.17 2.0 0.0 2.0 4.0 6.0 8.0 10.0 12.0 8.2 
59  8.08 14.56 14.14 14.0 14.14 14.56 15.23 16.12 17.2 12.65 12.17 12.0 12.17 12.65 13.42 14.42 15.62 10.77 10.2 10.0 10.2 10.77 11.66 12.81 14.14 8.94 8.25 8.0 8.25 8.94 10.0 11.31 12.81 7.21 6.32 6.0 6.32 7.21 8.49 10.0 11.66 5.66 4.47 4.0 4.47 5.66 7.21 8.94 10.77 4.47 2.83 2.0 2.83 4.47 6.32 8.25 10.2 4.0 2.0 0.0 2.0 4.0 6.0 8.0 10.0 7.16 
60  7.57 15.23 14.56 14.14 14.0 14.14 14.56 15.23 16.12 13.42 12.65 12.17 12.0 12.17 12.65 13.42 14.42 11.66 10.77 10.2 10.0 10.2 10.77 11.66 12.81 10.0 8.94 8.25 8.0 8.25 8.94 10.0 11.31 8.49 7.21 6.32 6.0 6.32 7.21 8.49 10.0 7.21 5.66 4.47 4.0 4.47 5.66 7.21 8.94 6.32 4.47 2.83 2.0 2.83 4.47 6.32 8.25 6.0 4.0 2.0 0.0 2.0 4.0 6.0 8.0 6.58 
61  7.57 16.12 15.23 14.56 14.14 14.0 14.14 14.56 15.23 14.42 13.42 12.65 12.17 12.0 12.17 12.65 13.42 12.81 11.66 10.77 10.2 10.0 10.2 10.77 11.66 11.31 10.0 8.94 8.25 8.0 8.25 8.94 10.0 10.0 8.49 7.21 6.32 6.0 6.32 7.21 8.49 8.94 7.21 5.66 4.47 4.0 4.47 5.66 7.21 8.25 6.32 4.47 2.83 2.0 2.83 4.47 6.32 8.0 6.0 4.0 2.0 0.0 2.0 4.0 6.0 6.58 
62  8.08 17.2 16.12 15.23 14.56 14.14 14.0 14.14 14.56 15.62 14.42 13.42 12.65 12.17 12.0 12.17 12.65 14.14 12.81 11.66 10.77 10.2 10.0 10.2 10.77 12.81 11.31 10.0 8.94 8.25 8.0 8.25 8.94 11.66 10.0 8.49 7.21 6.32 6.0 6.32 7.21 10.77 8.94 7.21 5.66 4.47 4.0 4.47 5.66 10.2 8.25 6.32 4.47 2.83 2.0 2.83 4.47 10.0 8.0 6.0 4.0 2.0 0.0 2.0 4.0 7.16 
63  9.01 18.44 17.2 16.12 15.23 14.56 14.14 14.0 14.14 16.97 15.62 14.42 13.42 12.65 12.17 12.0 12.17 15.62 14.14 12.81 11.66 10.77 10.2 10.0 10.2 14.42 12.81 11.31 10.0 8.94 8.25 8.0 8.25 13.42 11.66 10.0 8.49 7.21 6.32 6.0 6.32 12.65 10.77 8.94 7.21 5.66 4.47 4.0 4.47 12.17 10.2 8.25 6.32 4.47 2.83 2.0 2.83 12.0 10.0 8.0 6.0 4.0 2.0 0.0 2.0 8.2 
64  10.26 19.8 18.44 17.2 16.12 15.23 14.56 14.14 14.0 18.44 16.97 15.62 14.42 13.42 12.65 12.17 12.0 17.2 15.62 14.14 12.81 11.66 10.77 10.2 10.0 16.12 14.42 12.81 11.31 10.0 8.94 8.25 8.0 15.23 13.42 11.66 10.0 8.49 7.21 6.32 6.0 14.56 12.65 10.77 8.94 7.21 5.66 4.47 4.0 14.14 12.17 10.2 8.25 6.32 4.47 2.83 2.0 14.0 12.0 10.0 8.0 6.0 4.0 2.0 0.0 9.55 
65  1.0 10.26 9.01 8.08 7.57 7.57 8.08 9.01 10.26 8.9 7.43 6.26 5.59 5.59 6.26 7.43 8.9 7.83 6.1 4.61 3.64 3.64 4.61 6.1 7.83 7.16 5.22 3.35 1.8 1.8 3.35 5.22 7.16 7.02 5.02 3.04 1.12 1.12 3.04 5.02 7.02 7.43 5.59 3.91 2.69 2.69 3.91 5.59 7.43 8.32 6.73 5.41 4.61 4.61 5.41 6.73 8.32 9.55 8.2 7.16 6.58 6.58 7.16 8.2 9.55 0.0 
; 
